0.183376 0.372813 0.251474
0.178929 0.383909 0.192473
0.215226 0.108759 0.193859
0.211075 0.120792 0.139172
0.195080 0.012765 0.154591
0.199945 0.034655 -0.244359
0.180062 -0.050149 0.156063
0.202678 -0.036918 -0.240675
-0.208726 0.035241 -0.232412
-0.205167 -0.035262 -0.239797
-0.159873 0.372787 0.251720
-0.156818 0.383557 0.191106
-0.177656 0.119076 0.140135
-0.187190 0.099936 0.197388
-0.185344 0.023315 0.160701
-0.186884 -0.041767 0.168657
-0.222859 -0.037491 -0.155641
-0.220068 -0.376628 -0.186851
-0.205600 -0.049857 0.079955
-0.192797 -0.377026 0.250104
0.215314 -0.053656 0.079487
0.211176 -0.376144 0.245414
0.218408 -0.038845 -0.162617
0.221745 -0.388573 -0.192396
