0.138515 -0.434530 0.183812
0.131939 -0.434340 -0.178853
-0.133530 -0.434340 -0.179999
-0.142283 -0.434330 0.185166
0.126782 -0.292265 0.129516
0.146213 -0.295997 -0.149929
-0.142456 -0.284197 -0.147745
-0.127197 -0.288505 0.122547
0.109227 -0.205755 -0.182729
-0.108210 -0.204019 -0.178922
0.157334 0.149126 -0.189503
-0.154293 0.154083 -0.193290
-0.101047 0.161817 0.106546
0.099249 0.159489 0.102031
-0.138840 0.426326 0.147398
0.137383 0.431125 0.149810
0.095631 0.226817 0.120469
-0.101706 0.224078 0.115864
