0.250682 -0.309505 -0.266891
0.232255 -0.220412 -0.266031
-0.234280 -0.222541 -0.268161
-0.250718 -0.309788 -0.266247
-0.277133 -0.309389 -0.241177
-0.257997 -0.220945 -0.241187
-0.261305 -0.220103 0.214709
-0.273074 -0.309817 0.214810
-0.250275 -0.307169 0.240636
-0.233950 -0.218582 0.240762
0.233915 -0.219872 0.240669
0.251753 -0.308440 0.240639
0.271878 -0.309743 0.213408
0.260295 -0.220405 0.212105
0.261867 -0.223810 -0.241016
0.277162 -0.309767 -0.242278
0.192953 -0.082084 -0.268302
-0.192908 -0.082548 -0.268302
0.294809 0.291727 0.081899
0.294703 0.150534 0.074069
0.293035 0.153908 -0.265066
-0.295505 0.294988 0.084313
-0.294799 0.150999 0.077534
-0.293297 0.153119 -0.268149
